[array([[  1,   0,   0,   0],
       [  0,   1,   0,   0],
       [  0,   0,   1,   0],
       [ 11, -25,  35,   1]]), array([[  1,   0,   0,   0],
       [  0,   1,   0,   0],
       [  0,   0,   1,   0],
       [ 11, -25,  35,   1]]), array([[  1.  ,   0.  ,   0.  ,   0.  ],
       [  0.  ,   1.  ,   0.  ,   0.  ],
       [  0.  ,   0.  ,   1.  ,   0.  ],
       [ 11.  , -25.  ,  34.99,   1.  ]]), array([[  1,   0,   0,   0],
       [  0,   1,   0,   0],
       [  0,   0,   1,   0],
       [ 11, -25,  35,   1]]), array([[  1,   0,   0,   0],
       [  0,   1,   0,   0],
       [  0,   0,   1,   0],
       [ 11, -25,  35,   1]]), array([[ 1,  0,  0,  0],
       [ 0,  1,  0,  0],
       [ 0,  0,  1,  0],
       [ 0,  8, 50,  1]]), array([[ 1,  0,  0,  0],
       [ 0,  1,  0,  0],
       [ 0,  0,  1,  0],
       [ 2, -1, 13,  1]]), array([[  1,   0,   0,   0],
       [  0,   1,   0,   0],
       [  0,   0,   1,   0],
       [ 11, -25,  35,   1]]), array([[  1,   0,   0,   0],
       [  0,   1,   0,   0],
       [  0,   0,   1,   0],
       [ 11, -25,  35,   1]])]_[0, 0, 0, 0, 0, 0, 0, 0, 0, 0, 0, 0, 0]_[0, 0, 23, 32, 40]_[(array([  1,   3,   0,   1,   4,   5,   3,   6,   7,   0,   8,   9,   1,
         5,  10,   0,   9,  12,   3,   7,  13,   2,  14,  15,  17,  19,
        16,  16,  20,  21,  16,  22,  23,  23,  17,  16,  25,  24,  23,
        23,  27,  25,  27,  29,  25,  25,  30,  26,  32,  29,  31,  31,
        28,  33,  31,  34,  35,  35,  32,  31,  37,  36,  35,  35,  39,
        37,  39,  19,  37,  37,  18,  38,  40,  42,  43,  40,  44,  45,
        40,  46,  47,  40,  48,  41,  49,  51,  52,  52,  54,  49,  54,
        56,  49,  49,  57,  50,  59,  61,  58,  58,  62,  63,  58,  53,
        52,  52,  59,  58,  64,  66,  67,  67,  69,  64,  69,  61,  64,
        64,  60,  65,  71,  56,  70,  70,  55,  72,  70,  68,  67,  67,
        71,  70,  74,  76,  73,  73,  57,  71,  73,  66,  77,  77,  74,
        73,  79,  78,  77,  77,  65,  79,  65,  81,  79,  79,  82,  80,
        84,  81,  83,  83,  60,  59,  83,  51,  85,  85,  84,  83,  88,
        85,  87,  85,  50,  87,  50,  76,  87,  76,  88,  87,  47,  90,
        89,  90,  88,  89,  88,  91,  89,  91,  47,  89,  92,  44,  93,
        93,  84,  92,  84,  90,  92,  92,  46,  45,  43,  95,  94,  94,
        78,  80,  94,  82,  93,  93,  43,  94,  96,  48,  91,  91,  74,
        96,  74,  95,  96,  96,  42,  41,  33,  28,   8,  21,  20,  11,
        39,  34,   6,  11,  14,   2,  27,  22,   4,   1,   2,   3,  11,
         2,  10,   2,   1,  10,   4,   1,  12,   1,   0,  12,   8,   0,
        13,   0,   3,  13,   6,   3,  15,   3,   2,  15,  17,  18,  19,
        16,  19,  20,  16,  21,  22,  23,  24,  17,  25,  26,  24,  23,
        22,  27,  27,  28,  29,  25,  29,  30,  32,  30,  29,  31,  29,
        28,  31,  33,  34,  35,  36,  32,  37,  38,  36,  35,  34,  39,
        39,  20,  19,  37,  19,  18,  40,  41,  42,  40,  43,  44,  40,
        45,  46,  40,  47,  48,  49,  50,  51,  52,  53,  54,  54,  55,
        56,  49,  56,  57,  59,  60,  61,  58,  61,  62,  58,  63,  53,
        52,  51,  59,  64,  65,  66,  67,  68,  69,  69,  62,  61,  64,
        61,  60,  71,  57,  56,  70,  56,  55,  70,  72,  68,  67,  66,
        71,  74,  75,  76,  73,  76,  57,  73,  71,  66,  77,  78,  74,
        79,  80,  78,  77,  66,  65,  65,  60,  81,  79,  81,  82,  84,
        82,  81,  83,  81,  60,  83,  59,  51,  85,  86,  84,  88,  86,
        85,  85,  51,  50,  50,  57,  76,  76,  75,  88,  47,  46,  90,
        90,  86,  88,  88,  75,  91,  91,  48,  47,  92,  45,  44,  93,
        82,  84,  84,  86,  90,  92,  90,  46,  43,  42,  95,  94,  95,
        78,  94,  80,  82,  93,  44,  43,  96,  41,  48,  91,  75,  74,
        74,  78,  95,  96,  95,  42,  27,  12,   9,   8,  13,  33,  27,
         9,  28,   9,   8,  28,  39,  15,  14,  11,  10,  21,  39,  14,
        20,  14,  11,  20,  33,  13,   7,   6,  15,  39,  33,   7,  34,
         7,   6,  34,  21,  10,   5,   4,  12,  27,  21,   5,  22,   5,
         4,  22,  97,  99, 100, 102, 104, 101, 106, 108, 105, 112, 114,
       111, 116, 118, 115,  26,  30, 119, 124, 126, 123,  69,  68, 127,
       123, 131,  98,  97, 129, 124, 128, 116, 125, 119, 126, 115, 117,
       127, 102, 118, 101, 120, 130, 106, 103, 104, 132, 121, 114, 109,
       107, 133, 108, 109, 113, 100, 110, 134, 110,  99, 134,  98, 131,
       118, 119, 115,  97, 113, 112, 100,  99, 110, 127, 116, 128, 115,
       125, 116, 110, 133, 109, 113, 109, 114, 104, 120, 101, 126, 122,
       123, 130, 102, 127, 128, 124, 129, 109, 108, 107, 121, 131, 122,
       114, 106, 111, 101, 117, 102, 111, 129, 112,  98, 124, 123, 105,
       133, 132, 105, 103, 106, 132, 134, 131,  38,  18, 121,  54,  53,
       129,  97,  98,  99, 102, 103, 104, 106, 107, 108, 112, 113, 114,
       116, 117, 118, 120, 121,  17, 120,  17,  24,  32, 122, 119,  30,
        32, 119, 119, 120,  26, 120,  24,  26, 124, 125, 126, 128, 129,
        63, 128,  63,  62,  72, 130, 127,  68,  72, 127, 127, 128,  69,
       128,  62,  69, 123, 122, 131,  97, 112, 129, 130, 111, 106, 104,
       105, 132, 134,  99,  98, 118, 120, 119,  97, 100, 113, 127, 117,
       116, 115, 126, 125, 110, 134, 133, 113, 110, 109, 104, 121, 120,
       126, 119, 122, 130, 103, 102, 128, 125, 124, 121, 132, 131, 114,
       107, 106, 101, 118, 117, 111, 130, 129,  98,  97, 124, 105, 108,
       133, 105, 104, 103, 132, 133, 134, 122,  32,  36, 122,  36,  38,
        18,  17, 121, 122,  38, 121, 130,  72,  55, 130,  55,  54,  53,
        63, 129, 129, 130,  54], dtype=uint32), array([-1.1733092e+01,  2.7187128e+01, -2.0743315e+01, ...,
        9.9940002e-01, -1.3200000e-02, -3.1099999e-02], dtype=float32)), (array([ 20,  85,  60, ..., 126, 134, 150], dtype=uint32), array([-1.0784410e+01,  2.8184923e+01, -1.9742569e+01, ...,
       -7.5480002e-01,  1.6700000e-02, -6.5570003e-01], dtype=float32)), (array([ 1,  3,  0,  4,  6,  7, 10,  0,  9, 11, 15, 16,  4,  2, 17, 19,  5,
       20,  4, 13,  5,  6, 21,  7,  7, 16,  8,  0, 23,  9, 10, 25, 24, 24,
        1, 10, 18, 12, 11, 13, 20,  5, 17, 16, 21, 14, 19, 15, 15,  8, 16,
       18, 22,  0,  9, 27, 25, 23, 26, 27, 25, 11, 24, 25, 26, 18,  1,  2,
        3,  8,  0,  3,  4,  5,  6,  7,  8,  4,  8,  3,  4, 10,  1,  0,  2,
        1, 16,  1, 11, 16, 11, 12, 15, 12, 13, 15, 13, 14, 15,  4,  3,  2,
       20, 18, 19, 18,  0, 19,  0,  8, 19, 19,  6,  5,  4, 17, 13,  6, 14,
       21,  7, 21, 16,  0, 22, 23, 10,  9, 25, 24, 11,  1, 18, 20, 12, 13,
       12, 20, 14, 13, 17, 17,  2, 16, 21, 14, 17, 14,  6, 19, 15, 19,  8,
       18, 26, 22,  9, 23, 27, 23, 22, 26, 25, 18, 11, 25, 27, 26],
      dtype=uint32), array([-1.0750071e+01,  2.8517830e+01, -1.9648539e+01, ...,
        9.9809998e-01,  2.0000000e-02, -5.7999998e-02], dtype=float32)), (array([  3,   1,   0,   4,   1,   5,   2,   9,   8,  10,   6,  14,  13,
         7,  15,  12,   7,  13,   4,   7,   6,  11,   5,  16,   6,  12,
        14,  11,   7,   5,   4,  10,  17,  17,   9,   3,   2,   8,  16,
         3,   2,   1,   4,   0,   1,   2,   3,   9,  10,   4,   6,  12,
         6,   7,   4,   5,   7,  11,  15,   7,   3,   0,  17,   0,   4,
        17,  16,   5,   1,   1,   2,  16,  18,  24,  20,  23,  21,  25,
        24,  21,  20,  20,  19,  18,  18,  23,  22,  22,  25,  24,  29,
        26,  27,  33,  28,  29,  31,  32,  33,  27,  30,  31,  28,  30,
        26,  33,  27,  31,  34,  40,  36,  39,  37,  41,  40,  37,  36,
        36,  35,  34,  34,  39,  38,  38,  41,  40,  45,  42,  43,  49,
        44,  45,  47,  48,  49,  43,  46,  47,  44,  46,  42,  49,  43,
        47,  18,  22,  24,  23,  19,  21,  24,  25,  21,  20,  21,  19,
        18,  19,  23,  22,  23,  25,  29,  28,  26,  33,  32,  28,  31,
        30,  32,  27,  26,  30,  28,  32,  30,  33,  29,  27,  34,  38,
        40,  39,  35,  37,  40,  41,  37,  36,  37,  35,  34,  35,  39,
        38,  39,  41,  45,  44,  42,  49,  48,  44,  47,  46,  48,  43,
        42,  46,  44,  48,  46,  49,  45,  43,  64,  62,  67,  58,  77,
        59,  57,  76,  58,  56,  75,  57,  56,  73,  74,  55,  72,  73,
        54,  71,  72,  53,  70,  71,  52,  69,  70,  51,  68,  69,  61,
        67,  62,  60,  66,  61,  59,  65,  60,  50,  63,  68,  91,  93,
        90, 103,  86,  87, 102,  85,  86, 101,  84,  85,  84,  99,  83,
        83,  98,  82,  82,  97,  81,  81,  96,  80,  80,  95,  78,  78,
        94,  79,  93,  89,  90,  92,  88,  89, 105,  87,  88,  79,  94,
       104,  50, 104,  63,  51,  79,  50,  76, 103,  77,  52,  78,  51,
        75, 102,  76,  53,  80,  52,  74, 101,  75,  54,  81,  53,  73,
       100,  74,  55,  82,  54,  72,  99,  73,  56,  83,  55,  71,  98,
        72,  57,  84,  56,  70,  97,  71,  58,  85,  57,  69,  96,  70,
        59,  86,  58,  68,  95,  69,  60,  87,  59,  66,  93,  67,  61,
        88,  60,  65,  92,  66,  62,  89,  61,  77, 105,  65,  64,  90,
        62,  67,  91,  64,  63,  94,  68,  58,  76,  77,  57,  75,  76,
        56,  74,  75,  56,  55,  73,  55,  54,  72,  54,  53,  71,  53,
        52,  70,  52,  51,  69,  51,  50,  68,  61,  66,  67,  60,  65,
        66,  59,  77,  65, 103, 102,  86, 102, 101,  85, 101, 100,  84,
        84, 100,  99,  83,  99,  98,  82,  98,  97,  81,  97,  96,  80,
        96,  95,  78,  95,  94,  93,  92,  89,  92, 105,  88, 105, 103,
        87,  50,  79, 104,  51,  78,  79,  76, 102, 103,  52,  80,  78,
        75, 101, 102,  53,  81,  80,  74, 100, 101,  54,  82,  81,  73,
        99, 100,  55,  83,  82,  72,  98,  99,  56,  84,  83,  71,  97,
        98,  57,  85,  84,  70,  96,  97,  58,  86,  85,  69,  95,  96,
        59,  87,  86,  68,  94,  95,  60,  88,  87,  66,  92,  93,  61,
        89,  88,  65, 105,  92,  62,  90,  89,  77, 103, 105,  64,  91,
        90,  67,  93,  91,  63, 104,  94], dtype=uint32), array([-1.1926545e+01,  2.8643904e+01, -1.8272070e+01, ...,
       -0.0000000e+00, -1.0000000e+00,  6.8999999e-03], dtype=float32)), (array([  63,    2,    0, ..., 5319, 5446, 5322], dtype=uint32), array([-1.1604808e+01,  2.7522812e+01, -1.8529036e+01, ...,
       -5.0000002e-04, -9.9699998e-01,  7.7399999e-02], dtype=float32)), (array([ 1,  2,  0,  1,  3,  2,  5,  6,  4,  5,  7,  6,  9, 10,  8,  9, 11,
       10, 13, 14, 12, 13, 15, 14, 17, 18, 16, 17, 19, 18], dtype=uint32), array([ 2.0587309e+01, -9.6735554e+00, -5.6594616e+01,  1.0000000e+00,
        0.0000000e+00,  0.0000000e+00, -1.0000000e+00,  6.2000002e-03,
       -1.7497854e+01, -9.4385471e+00, -1.8510181e+01,  0.0000000e+00,
        1.0000000e+00,  0.0000000e+00, -1.0000000e+00,  6.2000002e-03,
       -1.7497854e+01, -9.6735554e+00, -5.6594616e+01,  0.0000000e+00,
        0.0000000e+00,  0.0000000e+00, -1.0000000e+00,  6.2000002e-03,
        2.0587309e+01, -9.6735554e+00, -5.6594616e+01,  1.0000000e+00,
        0.0000000e+00,  0.0000000e+00, -1.0000000e+00,  6.2000002e-03,
        2.0587309e+01, -9.4385471e+00, -1.8510181e+01,  1.0000000e+00,
        1.0000000e+00,  0.0000000e+00, -1.0000000e+00,  6.2000002e-03,
       -1.7497854e+01, -9.4385471e+00, -1.8510181e+01,  0.0000000e+00,
        1.0000000e+00,  0.0000000e+00, -1.0000000e+00,  6.2000002e-03,
        2.0656357e+01, -1.0005204e+01, -5.6533855e+01,  1.0000000e+00,
        0.0000000e+00,  0.0000000e+00,  6.2000002e-03,  1.0000000e+00,
       -1.7428806e+01,  2.8079231e+01, -5.6768871e+01,  0.0000000e+00,
        1.0000000e+00,  0.0000000e+00,  6.2000002e-03,  1.0000000e+00,
       -1.7428806e+01, -1.0005204e+01, -5.6533855e+01,  0.0000000e+00,
        0.0000000e+00,  0.0000000e+00,  6.2000002e-03,  1.0000000e+00,
        2.0656357e+01, -1.0005204e+01, -5.6533855e+01,  1.0000000e+00,
        0.0000000e+00,  0.0000000e+00,  6.2000002e-03,  1.0000000e+00,
        2.0656357e+01,  2.8079231e+01, -5.6768871e+01,  1.0000000e+00,
        1.0000000e+00,  0.0000000e+00,  6.2000002e-03,  1.0000000e+00,
       -1.7428806e+01,  2.8079231e+01, -5.6768871e+01,  0.0000000e+00,
        1.0000000e+00,  0.0000000e+00,  6.2000002e-03,  1.0000000e+00,
        2.0681202e+01, -1.0007539e+01, -5.6966637e+01,  1.0000000e+00,
        0.0000000e+00,  1.0000000e+00, -0.0000000e+00, -0.0000000e+00,
        2.0681202e+01,  2.8311916e+01, -1.9117220e+01,  0.0000000e+00,
        1.0000000e+00,  1.0000000e+00, -0.0000000e+00, -0.0000000e+00,
        2.0681204e+01, -9.7725191e+00, -1.8882200e+01,  0.0000000e+00,
        0.0000000e+00,  1.0000000e+00, -0.0000000e+00, -0.0000000e+00,
        2.0681202e+01, -1.0007539e+01, -5.6966637e+01,  1.0000000e+00,
        0.0000000e+00,  1.0000000e+00, -0.0000000e+00, -0.0000000e+00,
        2.0681200e+01,  2.8076897e+01, -5.7201653e+01,  1.0000000e+00,
        1.0000000e+00,  1.0000000e+00, -0.0000000e+00, -0.0000000e+00,
        2.0681202e+01,  2.8311916e+01, -1.9117220e+01,  0.0000000e+00,
        1.0000000e+00,  1.0000000e+00, -0.0000000e+00, -0.0000000e+00,
       -1.7475981e+01, -1.0007539e+01, -5.6966637e+01,  1.0000000e+00,
        0.0000000e+00,  1.0000000e+00,  0.0000000e+00, -0.0000000e+00,
       -1.7475981e+01,  2.8311916e+01, -1.9117220e+01,  0.0000000e+00,
        1.0000000e+00,  1.0000000e+00,  0.0000000e+00, -0.0000000e+00,
       -1.7475979e+01, -9.7725191e+00, -1.8882200e+01,  0.0000000e+00,
        0.0000000e+00,  1.0000000e+00,  0.0000000e+00, -0.0000000e+00,
       -1.7475981e+01, -1.0007539e+01, -5.6966637e+01,  1.0000000e+00,
        0.0000000e+00,  1.0000000e+00,  0.0000000e+00, -0.0000000e+00,
       -1.7475983e+01,  2.8076897e+01, -5.7201653e+01,  1.0000000e+00,
        1.0000000e+00,  1.0000000e+00,  0.0000000e+00, -0.0000000e+00,
       -1.7475981e+01,  2.8311916e+01, -1.9117220e+01,  0.0000000e+00,
        1.0000000e+00,  1.0000000e+00,  0.0000000e+00, -0.0000000e+00,
        2.0656357e+01, -9.7738247e+00, -1.9038662e+01,  1.0000000e+00,
        0.0000000e+00,  0.0000000e+00,  6.2000002e-03,  1.0000000e+00,
       -1.7428806e+01,  2.8310610e+01, -1.9273678e+01,  0.0000000e+00,
        1.0000000e+00,  0.0000000e+00,  6.2000002e-03,  1.0000000e+00,
       -1.7428806e+01, -9.7738247e+00, -1.9038662e+01,  0.0000000e+00,
        0.0000000e+00,  0.0000000e+00,  6.2000002e-03,  1.0000000e+00,
        2.0656357e+01, -9.7738247e+00, -1.9038662e+01,  1.0000000e+00,
        0.0000000e+00,  0.0000000e+00,  6.2000002e-03,  1.0000000e+00,
        2.0656357e+01,  2.8310610e+01, -1.9273678e+01,  1.0000000e+00,
        1.0000000e+00,  0.0000000e+00,  6.2000002e-03,  1.0000000e+00,
       -1.7428806e+01,  2.8310610e+01, -1.9273678e+01,  0.0000000e+00,
        1.0000000e+00,  0.0000000e+00,  6.2000002e-03,  1.0000000e+00],
      dtype=float32)), (array([1, 2, 0, 1, 3, 2], dtype=uint32), array([ 23.479715,   0.      ,  23.089237,   1.      ,   0.      ,
         0.      ,   1.      ,   0.      , -23.479715,   0.      ,
       -23.089237,   0.      ,   1.      ,   0.      ,   1.      ,
         0.      , -23.479715,   0.      ,  23.089237,   0.      ,
         0.      ,   0.      ,   1.      ,   0.      ,  23.479715,
         0.      ,  23.089237,   1.      ,   0.      ,   0.      ,
         1.      ,   0.      ,  23.479715,   0.      , -23.089237,
         1.      ,   1.      ,   0.      ,   1.      ,   0.      ,
       -23.479715,   0.      , -23.089237,   0.      ,   1.      ,
         0.      ,   1.      ,   0.      ], dtype=float32)), (array([   1,  108,   17, ..., 1474, 1454, 1441], dtype=uint32), array([-1.2910671e+01,  2.7135706e+01, -2.1224188e+01, ...,
       -2.2980000e-01, -9.7320002e-01,  1.1000000e-02], dtype=float32)), (array([ 53,  32,  54, ..., 205, 197, 196], dtype=uint32), array([-1.0623142e+01,  2.8390720e+01, -1.9646862e+01, ...,
        1.7500000e-02, -3.8899999e-02,  9.9910003e-01], dtype=float32))]_[-0.51417097  4.          5.88484073]_[-0.02306537  0.98699637  0.1590791 ]_[-0.1416267  -0.16074257  0.97678232]_[-0.98965139  0.         -0.14349262]_-261.75_-9.25_[0, 0, 0]_[True, False, False, False, False]_